P=30
S=w[1]*cov[1]+...+w[P]*cov[P]-w[0]
w[1]=0.000000000000
w[2]=0.000000000000
w[3]=0.587290084482
w[4]=0.000000000000
w[5]=0.000000000000
w[6]=0.000000000000
w[7]=-0.824659242785
w[8]=-0.593130176296
w[9]=-0.627848625494
w[10]=0.000000000000
w[11]=0.000000000000
w[12]=0.000000000000
w[13]=0.000000000000
w[14]=0.000000000000
w[15]=0.000000000000
w[16]=0.000000000000
w[17]=0.000000000000
w[18]=0.000000000000
w[19]=0.000000000000
w[20]=0.000000000000
w[21]=0.000000000000
w[22]=0.000000000000
w[23]=0.000000000000
w[24]=0.000000000000
w[25]=0.000000000000
w[26]=0.000000000000
w[27]=0.000000000000
w[28]=0.000000000000
w[29]=0.000000000000
w[30]=0.000000000000
w[0]=0.198570514480
