P=20
S=w[1]*cov[1]+...+w[P]*cov[P]-w[0]
w[1]=0.000000000000
w[2]=0.000000000000
w[3]=0.000000000000
w[4]=0.477661877277
w[5]=0.756932444313
w[6]=0.000000000000
w[7]=-0.612011383726
w[8]=0.000000000000
w[9]=-0.522085711469
w[10]=-0.489609533409
w[11]=0.000000000000
w[12]=0.000000000000
w[13]=0.000000000000
w[14]=0.597696643262
w[15]=0.000000000000
w[16]=0.000000000000
w[17]=0.000000000000
w[18]=0.000000000000
w[19]=-0.706067280901
w[20]=-0.538776204168
w[0]=0.371237597246
