P=20
S=w[1]*cov[1]+...+w[P]*cov[P]-w[0]
w[1]=0.539757336637
w[2]=0.673566296852
w[3]=0.699550956544
w[4]=0.000000000000
w[5]=0.000000000000
w[6]=-0.667163425746
w[7]=-0.610093890138
w[8]=-0.895858158473
w[9]=0.000000000000
w[10]=-0.624341780697
w[11]=0.000000000000
w[12]=0.000000000000
w[13]=0.000000000000
w[14]=0.000000000000
w[15]=0.000000000000
w[16]=0.000000000000
w[17]=0.000000000000
w[18]=0.000000000000
w[19]=0.000000000000
w[20]=0.000000000000
w[0]=-0.024815162585
