beta[3]=0.739088 pm 0.133018 (rank=2), z-score=5.556312, p-value=0.000000, HR=4.384942 HR=[2.603214,7.386145] (95% CI)
beta[5]=0.572713 pm 0.110926 (rank=4), z-score=5.163006, p-value=0.000000, HR=3.143782 HR=[2.035203,4.856208] (95% CI)
beta[8]=-0.689758 pm 0.139363 (rank=1), z-score=4.949343, p-value=0.000001, HR=0.251700 HR=[0.145756,0.434652] (95% CI)
beta[9]=-0.587224 pm 0.120842 (rank=3), z-score=4.859445, p-value=0.000001, HR=0.308990 HR=[0.192406,0.496214] (95% CI)
beta[11]=0.614783 pm 0.120843 (rank=5), z-score=5.087438, p-value=0.000000, HR=3.419743 HR=[2.129441,5.491882] (95% CI)
beta[25]=-0.465458 pm 0.116922 (rank=7), z-score=3.980925, p-value=0.000069, HR=0.394192 HR=[0.249262,0.623391] (95% CI)
beta[34]=0.496327 pm 0.138194 (rank=6), z-score=3.591530, p-value=0.000329, HR=2.698385 HR=[1.569778,4.638416] (95% CI)
