beta[3]=0.739088(rank=2)
beta[5]=0.572713(rank=4)
beta[8]=-0.689758(rank=1)
beta[9]=-0.587224(rank=3)
beta[11]=0.614783(rank=5)
beta[25]=-0.465458(rank=7)
beta[34]=0.496327(rank=6)
