P=30
S=w[1]*cov[1]+...+w[P]*cov[P]-w[0]
w[1]=0.000000000000
w[2]=0.000000000000
w[3]=0.000000000000
w[4]=0.000000000000
w[5]=0.000000000000
w[6]=0.543549721360
w[7]=0.614112851439
w[8]=0.853741373472
w[9]=0.796742521166
w[10]=0.000000000000
w[11]=0.000000000000
w[12]=0.000000000000
w[13]=0.000000000000
w[14]=0.000000000000
w[15]=-0.504567797201
w[16]=-0.660879441300
w[17]=-0.896478388104
w[18]=-0.939514028240
w[19]=0.000000000000
w[20]=0.000000000000
w[21]=0.000000000000
w[22]=0.000000000000
w[23]=0.000000000000
w[24]=0.000000000000
w[25]=0.000000000000
w[26]=0.000000000000
w[27]=0.000000000000
w[28]=0.000000000000
w[29]=0.000000000000
w[30]=0.000000000000
w[0]=-0.011810088513
