active=30: F_T=0.961800, F_V=0.633000
active=29: F_T=0.961200, F_V=0.647800
active=28: F_T=0.957800, F_V=0.645600
active=27: F_T=0.956600, F_V=0.659400
