beta[2]=0.489636(rank=2)
beta[7]=-0.769084(rank=1)
beta[30]=0.512405(rank=3)
beta[77]=0.439091(rank=4)
