beta[2]=0.489636 pm 0.162610 (rank=2), z-score=3.011110, p-value=0.002603, HR=2.662516 HR=[1.407537,5.036452] (95% CI)
beta[7]=-0.769084 pm 0.173296 (rank=1), z-score=4.437985, p-value=0.000009, HR=0.214774 HR=[0.108882,0.423649] (95% CI)
beta[30]=0.512405 pm 0.191991 (rank=3), z-score=2.668902, p-value=0.007610, HR=2.786564 HR=[1.312857,5.914539] (95% CI)
beta[77]=0.439091 pm 0.156249 (rank=4), z-score=2.810198, p-value=0.004951, HR=2.406519 HR=[1.304324,4.440103] (95% CI)
