beta[36]=1.382255(rank=2)
beta[62]=1.241509(rank=1)
