beta[36]=1.382255 pm 0.621381 (rank=2), z-score=2.224488, p-value=0.026116, HR=15.871252 HR=[1.389155,181.330782] (95% CI)
beta[62]=1.241509 pm 0.502578 (rank=1), z-score=2.470280, p-value=0.013501, HR=11.977350 HR=[1.670146,85.894852] (95% CI)
