beta[6]=-0.453580 pm 0.160177 (rank=3), z-score=2.831736, p-value=0.004630, HR=0.403669 HR=[0.215444,0.756340] (95% CI)
beta[8]=-0.422498 pm 0.165965 (rank=5), z-score=2.545704, p-value=0.010906, HR=0.429559 HR=[0.224119,0.823318] (95% CI)
beta[10]=-0.543920 pm 0.177549 (rank=1), z-score=3.063491, p-value=0.002188, HR=0.336943 HR=[0.167993,0.675807] (95% CI)
beta[15]=-0.434304 pm 0.150188 (rank=4), z-score=2.891735, p-value=0.003831, HR=0.419535 HR=[0.232854,0.755881] (95% CI)
beta[90]=-0.564596 pm 0.162150 (rank=2), z-score=3.481929, p-value=0.000498, HR=0.323294 HR=[0.171217,0.610448] (95% CI)
