beta[6]=-0.453580(rank=3)
beta[8]=-0.422498(rank=5)
beta[10]=-0.543920(rank=1)
beta[15]=-0.434304(rank=4)
beta[90]=-0.564596(rank=2)
