beta[5]=0.731104 pm 0.137599 (rank=1), z-score=5.313305, p-value=0.000000, HR=4.315477 HR=[2.516379,7.400849] (95% CI)
beta[7]=-0.393149 pm 0.123762 (rank=4), z-score=3.176648, p-value=0.001490, HR=0.455528 HR=[0.280426,0.739967] (95% CI)
beta[8]=-0.322589 pm 0.107395 (rank=3), z-score=3.003762, p-value=0.002667, HR=0.524569 HR=[0.344325,0.799163] (95% CI)
beta[9]=-0.445924 pm 0.119256 (rank=2), z-score=3.739220, p-value=0.000185, HR=0.409897 HR=[0.256832,0.654185] (95% CI)
