beta[5]=0.731104(rank=1)
beta[7]=-0.393149(rank=4)
beta[8]=-0.322589(rank=3)
beta[9]=-0.445924(rank=2)
