beta[5]=0.616627(rank=1)
beta[6]=-0.373331(rank=4)
beta[7]=-0.426277(rank=3)
beta[8]=-0.300845(rank=6)
beta[9]=-0.327394(rank=2)
beta[38]=0.257992(rank=5)
