P=10
S=w[1]*cov[1]+...+w[P]*cov[P]-w[0]
w[1]=0.000000000000
w[2]=0.000000000000
w[3]=0.000000000000
w[4]=0.000000000000
w[5]=0.560893948090
w[6]=0.000000000000
w[7]=0.000000000000
w[8]=-0.397777246042
w[9]=-0.527983004637
w[10]=-0.528740458408
w[0]=0.147231625105
