P=80
S=w[1]*cov[1]+...+w[P]*cov[P]-w[0]
w[1]=0.000000000000
w[2]=0.626056675176
w[3]=0.950064268027
w[4]=0.493791828689
w[5]=0.377920962158
w[6]=-0.835343844037
w[7]=0.000000000000
w[8]=-0.865610279225
w[9]=0.000000000000
w[10]=0.000000000000
w[11]=0.000000000000
w[12]=0.000000000000
w[13]=-0.456882868499
w[14]=0.000000000000
w[15]=0.000000000000
w[16]=0.000000000000
w[17]=0.000000000000
w[18]=0.000000000000
w[19]=0.000000000000
w[20]=0.000000000000
w[21]=0.000000000000
w[22]=0.000000000000
w[23]=0.000000000000
w[24]=0.000000000000
w[25]=0.000000000000
w[26]=0.000000000000
w[27]=0.000000000000
w[28]=0.000000000000
w[29]=0.000000000000
w[30]=0.000000000000
w[31]=0.000000000000
w[32]=0.000000000000
w[33]=0.000000000000
w[34]=0.000000000000
w[35]=0.000000000000
w[36]=0.000000000000
w[37]=0.000000000000
w[38]=0.000000000000
w[39]=0.000000000000
w[40]=0.000000000000
w[41]=0.000000000000
w[42]=0.000000000000
w[43]=0.000000000000
w[44]=0.000000000000
w[45]=0.000000000000
w[46]=0.000000000000
w[47]=0.000000000000
w[48]=0.000000000000
w[49]=0.000000000000
w[50]=0.000000000000
w[51]=0.000000000000
w[52]=0.000000000000
w[53]=0.000000000000
w[54]=0.000000000000
w[55]=0.000000000000
w[56]=0.000000000000
w[57]=0.000000000000
w[58]=0.000000000000
w[59]=0.000000000000
w[60]=0.000000000000
w[61]=0.000000000000
w[62]=0.000000000000
w[63]=0.000000000000
w[64]=0.000000000000
w[65]=0.000000000000
w[66]=0.000000000000
w[67]=0.000000000000
w[68]=0.000000000000
w[69]=0.000000000000
w[70]=0.000000000000
w[71]=0.000000000000
w[72]=0.000000000000
w[73]=0.535348405247
w[74]=0.000000000000
w[75]=0.000000000000
w[76]=0.000000000000
w[77]=0.000000000000
w[78]=0.000000000000
w[79]=0.000000000000
w[80]=0.000000000000
w[0]=-0.158660659090
