beta[13]=0.417919(rank=3)
beta[15]=-0.587282(rank=2)
beta[28]=0.480666(rank=1)
beta[37]=-0.201744(rank=7)
beta[43]=-0.463671(rank=5)
beta[56]=-0.404114(rank=6)
beta[60]=-0.343824(rank=4)
