beta[18]=0.360704(rank=1)
beta[39]=0.234440(rank=2)
