beta[2]=0.765863(rank=1)
beta[3]=0.608727(rank=3)
beta[4]=0.553477(rank=4)
beta[5]=0.641307(rank=2)
beta[58]=0.438359(rank=5)
