beta[3]=0.865970 pm 0.184346 (rank=1), z-score=4.697533, p-value=0.000003, HR=5.651604 HR=[2.743692,11.641476] (95% CI)
beta[10]=-0.765810 pm 0.170814 (rank=3), z-score=4.483309, p-value=0.000007, HR=0.216185 HR=[0.110669,0.422304] (95% CI)
beta[15]=-0.629788 pm 0.154760 (rank=2), z-score=4.069444, p-value=0.000047, HR=0.283774 HR=[0.154705,0.520526] (95% CI)
