P=20
S=w[1]*cov[1]+...+w[P]*cov[P]-w[0]
w[1]=0.427484854636
w[2]=0.542233803028
w[3]=0.437619899989
w[4]=0.471694752178
w[5]=0.796786322327
w[6]=0.000000000000
w[7]=-0.614734837840
w[8]=0.000000000000
w[9]=-0.610563744357
w[10]=0.000000000000
w[11]=0.000000000000
w[12]=0.000000000000
w[13]=0.000000000000
w[14]=0.000000000000
w[15]=0.000000000000
w[16]=0.000000000000
w[17]=0.000000000000
w[18]=0.000000000000
w[19]=0.000000000000
w[20]=0.000000000000
w[0]=-0.102718075176
