P=20
S=w[1]*cov[1]+...+w[P]*cov[P]-w[0]
w[1]=0.445610957072
w[2]=0.311485447899
w[3]=0.364784197215
w[4]=0.443484227317
w[5]=0.000000000000
w[6]=-0.387290259644
w[7]=0.000000000000
w[8]=-0.364832113239
w[9]=0.000000000000
w[10]=-0.274220383635
w[11]=0.576201880817
w[12]=0.505419071819
w[13]=0.327630120699
w[14]=0.000000000000
w[15]=0.525566919007
w[16]=0.000000000000
w[17]=0.000000000000
w[18]=0.000000000000
w[19]=-0.432947515139
w[20]=-0.498305497368
w[0]=-0.108559263686
