P=40
S=w[1]*cov[1]+...+w[P]*cov[P]-w[0]
w[1]=0.878699802588
w[2]=0.789931069891
w[3]=0.000000000000
w[4]=0.000000000000
w[5]=0.000000000000
w[6]=-0.554401386763
w[7]=0.000000000000
w[8]=-0.659623267930
w[9]=-0.846255650974
w[10]=-0.793526776751
w[11]=0.000000000000
w[12]=0.000000000000
w[13]=0.000000000000
w[14]=0.000000000000
w[15]=0.000000000000
w[16]=0.000000000000
w[17]=0.000000000000
w[18]=0.000000000000
w[19]=0.000000000000
w[20]=0.000000000000
w[21]=0.000000000000
w[22]=0.000000000000
w[23]=0.000000000000
w[24]=0.000000000000
w[25]=0.000000000000
w[26]=0.000000000000
w[27]=0.000000000000
w[28]=0.000000000000
w[29]=0.000000000000
w[30]=0.000000000000
w[31]=0.000000000000
w[32]=0.000000000000
w[33]=0.000000000000
w[34]=0.000000000000
w[35]=0.000000000000
w[36]=0.000000000000
w[37]=0.000000000000
w[38]=0.000000000000
w[39]=0.000000000000
w[40]=0.000000000000
w[0]=0.287908247016
