beta[6]=-0.595764 pm 0.169317 (rank=4), z-score=3.518639, p-value=0.000434, HR=0.303757 HR=[0.156414,0.589897] (95% CI)
beta[7]=-1.034887 pm 0.234544 (rank=2), z-score=4.412336, p-value=0.000010, HR=0.126214 HR=[0.050328,0.316522] (95% CI)
beta[10]=-0.721096 pm 0.181025 (rank=1), z-score=3.983407, p-value=0.000068, HR=0.236409 HR=[0.116274,0.480670] (95% CI)
beta[11]=0.589495 pm 0.191272 (rank=5), z-score=3.081976, p-value=0.002056, HR=3.251090 HR=[1.536035,6.881080] (95% CI)
beta[47]=-0.764644 pm 0.197950 (rank=3), z-score=3.862806, p-value=0.000112, HR=0.216690 HR=[0.099734,0.470800] (95% CI)
