beta[4]=0.596299 pm 0.197747 (rank=3), z-score=3.015470, p-value=0.002566, HR=3.295632 HR=[1.518057,7.154667] (95% CI)
beta[5]=0.622452 pm 0.164004 (rank=4), z-score=3.795355, p-value=0.000147, HR=3.472602 HR=[1.825785,6.604813] (95% CI)
beta[7]=-0.865243 pm 0.184254 (rank=2), z-score=4.695929, p-value=0.000003, HR=0.177198 HR=[0.086056,0.364871] (95% CI)
beta[9]=-0.862536 pm 0.197028 (rank=1), z-score=4.377741, p-value=0.000012, HR=0.178160 HR=[0.082297,0.385689] (95% CI)
beta[20]=-0.571429 pm 0.152662 (rank=5), z-score=3.743107, p-value=0.000182, HR=0.318907 HR=[0.175294,0.580176] (95% CI)
beta[49]=-0.457561 pm 0.167007 (rank=6), z-score=2.739767, p-value=0.006148, HR=0.400468 HR=[0.208089,0.770702] (95% CI)
