beta[4]=0.596299(rank=3)
beta[5]=0.622452(rank=4)
beta[7]=-0.865243(rank=2)
beta[9]=-0.862536(rank=1)
beta[20]=-0.571429(rank=5)
beta[49]=-0.457561(rank=6)
