P=20
S=w[1]*cov[1]+...+w[P]*cov[P]-w[0]
w[1]=0.709980819665
w[2]=0.463366653153
w[3]=0.569647735073
w[4]=0.354934866951
w[5]=0.542234514712
w[6]=-0.388668386531
w[7]=0.000000000000
w[8]=-0.483235467699
w[9]=0.000000000000
w[10]=-0.617934893046
w[11]=0.000000000000
w[12]=0.000000000000
w[13]=0.000000000000
w[14]=0.000000000000
w[15]=0.000000000000
w[16]=0.000000000000
w[17]=0.000000000000
w[18]=0.000000000000
w[19]=0.000000000000
w[20]=0.000000000000
w[0]=-0.146797438692
