beta[1]=0.504687(rank=2)
beta[5]=0.690735(rank=1)
beta[7]=-0.526002(rank=4)
beta[8]=-0.258568(rank=7)
beta[36]=-0.367423(rank=5)
beta[41]=0.223365(rank=6)
beta[64]=-0.343924(rank=3)
