beta[1]=0.504687 pm 0.116664 (rank=2), z-score=4.325990, p-value=0.000015, HR=2.743884 HR=[1.736813,4.334893] (95% CI)
beta[5]=0.690735 pm 0.123272 (rank=1), z-score=5.603340, p-value=0.000000, HR=3.980752 HR=[2.455288,6.453982] (95% CI)
beta[7]=-0.526002 pm 0.117647 (rank=4), z-score=4.471009, p-value=0.000008, HR=0.349237 HR=[0.220208,0.553869] (95% CI)
beta[8]=-0.258568 pm 0.113817 (rank=7), z-score=2.271793, p-value=0.023099, HR=0.596226 HR=[0.381633,0.931486] (95% CI)
beta[36]=-0.367423 pm 0.123422 (rank=5), z-score=2.976964, p-value=0.002911, HR=0.479579 HR=[0.295626,0.777998] (95% CI)
beta[41]=0.223365 pm 0.105450 (rank=6), z-score=2.118200, p-value=0.034158, HR=1.563193 HR=[1.033927,2.363388] (95% CI)
beta[64]=-0.343924 pm 0.115373 (rank=3), z-score=2.980979, p-value=0.002873, HR=0.502657 HR=[0.319784,0.790107] (95% CI)
