P=20
S=w[1]*cov[1]+...+w[P]*cov[P]-w[0]
w[1]=0.000000000000
w[2]=0.000000000000
w[3]=0.394229659208
w[4]=0.000000000000
w[5]=0.384443891923
w[6]=-0.393188961960
w[7]=0.000000000000
w[8]=-0.327500921607
w[9]=0.000000000000
w[10]=0.000000000000
w[11]=0.000000000000
w[12]=0.000000000000
w[13]=0.000000000000
w[14]=0.000000000000
w[15]=0.000000000000
w[16]=0.000000000000
w[17]=0.000000000000
w[18]=0.000000000000
w[19]=0.000000000000
w[20]=0.000000000000
w[0]=0.149557310962
