beta[2]=0.765863 pm 0.180875 (rank=1), z-score=4.234221, p-value=0.000023, HR=4.626159 HR=[2.276634,9.400433] (95% CI)
beta[3]=0.608727 pm 0.178653 (rank=3), z-score=3.407317, p-value=0.000656, HR=3.378576 HR=[1.677215,6.805791] (95% CI)
beta[4]=0.553477 pm 0.171944 (rank=4), z-score=3.218931, p-value=0.001287, HR=3.025127 HR=[1.541771,5.935638] (95% CI)
beta[5]=0.641307 pm 0.165795 (rank=2), z-score=3.868079, p-value=0.000110, HR=3.606054 HR=[1.882685,6.906960] (95% CI)
beta[58]=0.438359 pm 0.173771 (rank=5), z-score=2.522624, p-value=0.011648, HR=2.403002 HR=[1.215962,4.748849] (95% CI)
