beta[8]=0.375839(rank=3)
beta[32]=-0.266682(rank=8)
beta[37]=0.283834(rank=4)
beta[53]=-0.265204(rank=9)
beta[54]=0.385584(rank=5)
beta[55]=0.322903(rank=1)
beta[59]=-0.285447(rank=7)
beta[78]=0.314961(rank=2)
beta[79]=0.306350(rank=6)
