beta[8]=0.375839 pm 0.110373 (rank=3), z-score=3.405185, p-value=0.000661, HR=2.120557 HR=[1.375776,3.268528] (95% CI)
beta[32]=-0.266682 pm 0.107413 (rank=8), z-score=2.482784, p-value=0.013036, HR=0.586628 HR=[0.385035,0.893770] (95% CI)
beta[37]=0.283834 pm 0.101644 (rank=4), z-score=2.792423, p-value=0.005231, HR=1.764149 HR=[1.184383,2.627714] (95% CI)
beta[53]=-0.265204 pm 0.121781 (rank=9), z-score=2.177708, p-value=0.029428, HR=0.588365 HR=[0.365025,0.948356] (95% CI)
beta[54]=0.385584 pm 0.109666 (rank=5), z-score=3.515969, p-value=0.000438, HR=2.162288 HR=[1.406740,3.323636] (95% CI)
beta[55]=0.322903 pm 0.111192 (rank=1), z-score=2.904004, p-value=0.003684, HR=1.907525 HR=[1.233594,2.949633] (95% CI)
beta[59]=-0.285447 pm 0.110109 (rank=7), z-score=2.592396, p-value=0.009531, HR=0.565020 HR=[0.366953,0.869997] (95% CI)
beta[78]=0.314961 pm 0.108650 (rank=2), z-score=2.898864, p-value=0.003745, HR=1.877466 HR=[1.226317,2.874362] (95% CI)
beta[79]=0.306350 pm 0.112052 (rank=6), z-score=2.734006, p-value=0.006257, HR=1.845407 HR=[1.189410,2.863207] (95% CI)
