P=10
S=w[1]*cov[1]+...+w[P]*cov[P]-w[0]
w[1]=0.000000000000
w[2]=0.000000000000
w[3]=0.000000000000
w[4]=0.000000000000
w[5]=0.572525508128
w[6]=0.000000000000
w[7]=0.000000000000
w[8]=0.000000000000
w[9]=-0.783776475449
w[10]=0.000000000000
w[0]=0.072066689452
