P=40
S=w[1]*cov[1]+...+w[P]*cov[P]-w[0]
w[1]=0.000000000000
w[2]=0.000000000000
w[3]=0.000000000000
w[4]=0.000000000000
w[5]=0.000000000000
w[6]=0.000000000000
w[7]=0.609799009467
w[8]=0.535797411763
w[9]=0.890841067594
w[10]=0.000000000000
w[11]=0.000000000000
w[12]=0.000000000000
w[13]=0.000000000000
w[14]=0.000000000000
w[15]=0.000000000000
w[16]=0.000000000000
w[17]=0.000000000000
w[18]=-0.487829290424
w[19]=0.000000000000
w[20]=0.000000000000
w[21]=0.000000000000
w[22]=0.000000000000
w[23]=0.569144182259
w[24]=0.000000000000
w[25]=0.515381831306
w[26]=0.000000000000
w[27]=0.707917364812
w[28]=0.000000000000
w[29]=0.000000000000
w[30]=0.000000000000
w[31]=0.000000000000
w[32]=0.000000000000
w[33]=0.000000000000
w[34]=0.000000000000
w[35]=0.000000000000
w[36]=-0.741617281181
w[37]=0.000000000000
w[38]=0.000000000000
w[39]=0.000000000000
w[40]=0.000000000000
w[0]=0.058083916134
