beta[1]=0.461919(rank=4)
beta[2]=0.867255(rank=2)
beta[3]=0.998449(rank=1)
beta[10]=-0.694705(rank=3)
beta[15]=0.413834(rank=7)
beta[60]=-0.634884(rank=5)
beta[78]=-0.505461(rank=6)
