beta[1]=0.461919 pm 0.167178 (rank=4), z-score=2.763040, p-value=0.005727, HR=2.518939 HR=[1.308002,4.850950] (95% CI)
beta[2]=0.867255 pm 0.215837 (rank=2), z-score=4.018099, p-value=0.000059, HR=5.666152 HR=[2.431306,13.204952] (95% CI)
beta[3]=0.998449 pm 0.215272 (rank=1), z-score=4.638083, p-value=0.000004, HR=7.366164 HR=[3.167782,17.128822] (95% CI)
beta[10]=-0.694705 pm 0.209828 (rank=3), z-score=3.310823, p-value=0.000930, HR=0.249222 HR=[0.109488,0.567292] (95% CI)
beta[15]=0.413834 pm 0.216127 (rank=7), z-score=1.914775, p-value=0.055521, HR=2.287976 HR=[0.980641,5.338175] (95% CI)
beta[60]=-0.634884 pm 0.225979 (rank=5), z-score=2.809488, p-value=0.004962, HR=0.280897 HR=[0.115833,0.681178] (95% CI)
beta[78]=-0.505461 pm 0.158555 (rank=6), z-score=3.187926, p-value=0.001433, HR=0.363883 HR=[0.195449,0.677472] (95% CI)
