P=20
S=w[1]*cov[1]+...+w[P]*cov[P]-w[0]
w[1]=0.597928197763
w[2]=0.442337090834
w[3]=0.574775780462
w[4]=0.423242589687
w[5]=0.000000000000
w[6]=0.000000000000
w[7]=-0.519569928514
w[8]=-0.602585314379
w[9]=0.000000000000
w[10]=0.000000000000
w[11]=0.000000000000
w[12]=0.000000000000
w[13]=0.000000000000
w[14]=0.000000000000
w[15]=0.000000000000
w[16]=0.000000000000
w[17]=0.000000000000
w[18]=0.000000000000
w[19]=0.000000000000
w[20]=0.000000000000
w[0]=0.073012367398
