P=20
S=w[1]*cov[1]+...+w[P]*cov[P]-w[0]
w[1]=0.597898617787
w[2]=0.442321983254
w[3]=0.574757097172
w[4]=0.423220250515
w[5]=0.000000000000
w[6]=0.000000000000
w[7]=-0.519580019973
w[8]=-0.602581035988
w[9]=0.000000000000
w[10]=0.000000000000
w[11]=0.000000000000
w[12]=0.000000000000
w[13]=0.000000000000
w[14]=0.000000000000
w[15]=0.000000000000
w[16]=0.000000000000
w[17]=0.000000000000
w[18]=0.000000000000
w[19]=0.000000000000
w[20]=0.000000000000
w[0]=0.073014242790
