beta[1]=0.750910(rank=2)
beta[4]=0.751192(rank=1)
beta[8]=-0.768206(rank=3)
