P=30
S=w[1]*cov[1]+...+w[P]*cov[P]-w[0]
w[1]=0.000000000000
w[2]=0.000000000000
w[3]=0.515219259112
w[4]=0.000000000000
w[5]=0.820293341347
w[6]=0.000000000000
w[7]=0.000000000000
w[8]=0.000000000000
w[9]=0.000000000000
w[10]=0.000000000000
w[11]=0.000000000000
w[12]=0.000000000000
w[13]=0.000000000000
w[14]=0.672653674781
w[15]=0.000000000000
w[16]=0.000000000000
w[17]=-0.878456467161
w[18]=0.000000000000
w[19]=-0.908650961268
w[20]=0.000000000000
w[21]=0.000000000000
w[22]=0.000000000000
w[23]=0.000000000000
w[24]=0.000000000000
w[25]=0.000000000000
w[26]=0.000000000000
w[27]=0.000000000000
w[28]=0.000000000000
w[29]=0.000000000000
w[30]=0.000000000000
w[0]=-0.082723249285
