beta[5]=0.651412 pm 0.168233 (rank=2), z-score=3.872079, p-value=0.000108, HR=3.679676 HR=[1.902846,7.115666] (95% CI)
beta[9]=-0.677640 pm 0.203167 (rank=3), z-score=3.335386, p-value=0.000852, HR=0.257875 HR=[0.116287,0.571857] (95% CI)
beta[13]=0.501810 pm 0.150364 (rank=6), z-score=3.337296, p-value=0.000846, HR=2.728141 HR=[1.513148,4.918720] (95% CI)
beta[15]=0.723469 pm 0.184963 (rank=5), z-score=3.911431, p-value=0.000092, HR=4.250085 HR=[2.058309,8.775761] (95% CI)
beta[26]=-0.833633 pm 0.220600 (rank=4), z-score=3.778929, p-value=0.000158, HR=0.188762 HR=[0.079498,0.448201] (95% CI)
beta[40]=-1.056032 pm 0.206073 (rank=1), z-score=5.124554, p-value=0.000000, HR=0.120988 HR=[0.053941,0.271374] (95% CI)
