beta[3]=0.739044(rank=2)
beta[5]=0.572727(rank=4)
beta[8]=-0.689745(rank=1)
beta[9]=-0.587219(rank=3)
beta[11]=0.614783(rank=5)
beta[25]=-0.465440(rank=7)
beta[34]=0.496322(rank=6)
