beta[3]=0.739044 pm 0.133017 (rank=2), z-score=5.556003, p-value=0.000000, HR=4.384558 HR=[2.602991,7.385484] (95% CI)
beta[5]=0.572727 pm 0.110926 (rank=4), z-score=5.163153, p-value=0.000000, HR=3.143869 HR=[2.035263,4.856333] (95% CI)
beta[8]=-0.689745 pm 0.139363 (rank=1), z-score=4.949279, p-value=0.000001, HR=0.251707 HR=[0.145760,0.434661] (95% CI)
beta[9]=-0.587219 pm 0.120842 (rank=3), z-score=4.859385, p-value=0.000001, HR=0.308993 HR=[0.192408,0.496220] (95% CI)
beta[11]=0.614783 pm 0.120843 (rank=5), z-score=5.087433, p-value=0.000000, HR=3.419743 HR=[2.129441,5.491885] (95% CI)
beta[25]=-0.465440 pm 0.116922 (rank=7), z-score=3.980770, p-value=0.000069, HR=0.394207 HR=[0.249271,0.623413] (95% CI)
beta[34]=0.496322 pm 0.138193 (rank=6), z-score=3.591515, p-value=0.000329, HR=2.698359 HR=[1.569768,4.638357] (95% CI)
