P=20
S=w[1]*cov[1]+...+w[P]*cov[P]-w[0]
w[1]=0.000000000000
w[2]=0.363107923047
w[3]=0.644597338983
w[4]=0.605384197561
w[5]=0.437163762248
w[6]=-0.724507162010
w[7]=0.000000000000
w[8]=-0.525622719261
w[9]=-0.470937449790
w[10]=0.000000000000
w[11]=0.000000000000
w[12]=0.000000000000
w[13]=0.000000000000
w[14]=0.000000000000
w[15]=0.000000000000
w[16]=0.000000000000
w[17]=0.000000000000
w[18]=0.000000000000
w[19]=0.000000000000
w[20]=0.000000000000
w[0]=0.061082052665
