P=10
S=w[1]*cov[1]+...+w[P]*cov[P]-w[0]
w[1]=0.473053829869
w[2]=0.375325618366
w[3]=0.459381394640
w[4]=0.534118853462
w[5]=0.389210084154
w[6]=-0.519955439517
w[7]=-0.507656117610
w[8]=0.000000000000
w[9]=-0.476170240627
w[10]=0.000000000000
w[0]=0.015793622576
