P=20
S=w[1]*cov[1]+...+w[P]*cov[P]-w[0]
w[1]=0.000000000000
w[2]=0.000000000000
w[3]=0.000000000000
w[4]=0.488649465569
w[5]=0.000000000000
w[6]=0.000000000000
w[7]=0.360700483917
w[8]=0.845411187602
w[9]=0.800644361521
w[10]=0.000000000000
w[11]=0.000000000000
w[12]=0.000000000000
w[13]=0.000000000000
w[14]=0.000000000000
w[15]=0.000000000000
w[16]=-0.614408197684
w[17]=-1.140737675937
w[18]=0.000000000000
w[19]=0.000000000000
w[20]=0.000000000000
w[0]=0.138169170874
