beta[14]=1.360824(rank=1)
beta[19]=0.975906(rank=2)
