beta[14]=1.360824 pm 0.451504 (rank=1), z-score=3.013982, p-value=0.002578, HR=15.205367 HR=[2.590248,89.259097] (95% CI)
beta[19]=0.975906 pm 0.486935 (rank=2), z-score=2.004182, p-value=0.045051, HR=7.041438 HR=[1.043967,47.493704] (95% CI)
