beta[1]=0.750910 pm 0.218039 (rank=2), z-score=3.443916, p-value=0.000573, HR=4.489850 HR=[1.910002,10.554306] (95% CI)
beta[4]=0.751192 pm 0.182045 (rank=1), z-score=4.126404, p-value=0.000037, HR=4.492390 HR=[2.200682,9.170598] (95% CI)
beta[8]=-0.768206 pm 0.223510 (rank=3), z-score=3.437013, p-value=0.000588, HR=0.215152 HR=[0.089585,0.516720] (95% CI)
