beta[1]=0.907115(rank=1)
beta[2]=0.720449(rank=4)
beta[6]=-0.534314(rank=6)
beta[8]=-0.717631(rank=5)
beta[9]=-0.889467(rank=2)
beta[10]=-0.779803(rank=3)
