beta[2]=0.477388 pm 0.186499 (rank=2), z-score=2.559737, p-value=0.010475, HR=2.598086 HR=[1.250696,5.397035] (95% CI)
beta[7]=-0.556641 pm 0.179409 (rank=1), z-score=3.102632, p-value=0.001918, HR=0.328479 HR=[0.162583,0.663652] (95% CI)
beta[10]=-0.353286 pm 0.144734 (rank=4), z-score=2.440939, p-value=0.014649, HR=0.493332 HR=[0.279731,0.870040] (95% CI)
beta[31]=0.517269 pm 0.202910 (rank=5), z-score=2.549253, p-value=0.010795, HR=2.813807 HR=[1.270144,6.233549] (95% CI)
beta[38]=-0.606471 pm 0.179904 (rank=3), z-score=3.371074, p-value=0.000749, HR=0.297321 HR=[0.146876,0.601868] (95% CI)
beta[90]=-0.534536 pm 0.166278 (rank=6), z-score=3.214712, p-value=0.001306, HR=0.343327 HR=[0.178908,0.658848] (95% CI)
