beta[22]=0.317025 pm 0.112919 (rank=3), z-score=2.807538, p-value=0.004992, HR=1.885229 HR=[1.210952,2.934955] (95% CI)
beta[26]=0.291511 pm 0.115025 (rank=5), z-score=2.534322, p-value=0.011267, HR=1.791445 HR=[1.141249,2.812073] (95% CI)
beta[32]=-0.396191 pm 0.131510 (rank=1), z-score=3.012635, p-value=0.002590, HR=0.452765 HR=[0.270387,0.758158] (95% CI)
beta[46]=0.394570 pm 0.108489 (rank=4), z-score=3.636963, p-value=0.000276, HR=2.201501 HR=[1.438878,3.368325] (95% CI)
beta[48]=0.319345 pm 0.118611 (rank=6), z-score=2.692364, p-value=0.007095, HR=1.893997 HR=[1.189738,3.015137] (95% CI)
beta[61]=-0.467258 pm 0.108442 (rank=2), z-score=4.308812, p-value=0.000016, HR=0.392776 HR=[0.256761,0.600843] (95% CI)
beta[79]=-0.233526 pm 0.112450 (rank=7), z-score=2.076709, p-value=0.037828, HR=0.626848 HR=[0.403389,0.974094] (95% CI)
