beta[22]=0.317025(rank=3)
beta[26]=0.291511(rank=5)
beta[32]=-0.396191(rank=1)
beta[46]=0.394570(rank=4)
beta[48]=0.319345(rank=6)
beta[61]=-0.467258(rank=2)
beta[79]=-0.233526(rank=7)
