beta[3]=0.463594(rank=4)
beta[4]=0.590885(rank=3)
beta[5]=0.486189(rank=2)
beta[6]=-0.654093(rank=1)
