beta[3]=0.463594 pm 0.178709 (rank=4), z-score=2.594128, p-value=0.009483, HR=2.527391 HR=[1.254389,5.092285] (95% CI)
beta[4]=0.590885 pm 0.135870 (rank=3), z-score=4.348897, p-value=0.000014, HR=3.260141 HR=[1.913931,5.553239] (95% CI)
beta[5]=0.486189 pm 0.173522 (rank=2), z-score=2.801878, p-value=0.005081, HR=2.644224 HR=[1.339330,5.220460] (95% CI)
beta[6]=-0.654093 pm 0.183313 (rank=1), z-score=3.568182, p-value=0.000359, HR=0.270310 HR=[0.131760,0.554549] (95% CI)
