beta[6]=-0.595764(rank=4)
beta[7]=-1.034887(rank=2)
beta[10]=-0.721096(rank=1)
beta[11]=0.589495(rank=5)
beta[47]=-0.764644(rank=3)
