beta[13]=0.307279(rank=3)
beta[29]=0.320371(rank=1)
beta[61]=-0.312349(rank=2)
beta[74]=-0.287309(rank=4)
