P=20
S=w[1]*cov[1]+...+w[P]*cov[P]-w[0]
w[1]=0.000000000000
w[2]=0.458181504041
w[3]=0.000000000000
w[4]=0.508646680063
w[5]=0.405685105040
w[6]=0.000000000000
w[7]=0.501106694455
w[8]=0.499906596549
w[9]=0.864630533401
w[10]=0.000000000000
w[11]=0.000000000000
w[12]=0.000000000000
w[13]=0.000000000000
w[14]=-0.692996508533
w[15]=-0.766362386486
w[16]=-0.588339364297
w[17]=-0.668826258321
w[18]=-0.914120398980
w[19]=0.000000000000
w[20]=0.000000000000
w[0]=-0.237157150448
