beta[5]=0.651412(rank=2)
beta[9]=-0.677640(rank=3)
beta[13]=0.501810(rank=6)
beta[15]=0.723469(rank=5)
beta[26]=-0.833633(rank=4)
beta[40]=-1.056032(rank=1)
