P=140
S=w[1]*cov[1]+...+w[P]*cov[P]-w[0]
w[1]=0.000000000000
w[2]=0.000000000000
w[3]=0.000000000000
w[4]=0.000000000000
w[5]=0.473059217021
w[6]=0.363024574576
w[7]=0.538143227982
w[8]=0.676139761979
w[9]=0.804561020887
w[10]=0.000000000000
w[11]=0.000000000000
w[12]=-0.343288340555
w[13]=0.000000000000
w[14]=-0.416709321423
w[15]=-0.601242845213
w[16]=-0.689068068229
w[17]=-0.757740977608
w[18]=-0.729592854301
w[19]=0.000000000000
w[20]=0.000000000000
w[21]=0.000000000000
w[22]=0.000000000000
w[23]=0.000000000000
w[24]=0.000000000000
w[25]=0.000000000000
w[26]=0.000000000000
w[27]=0.000000000000
w[28]=0.000000000000
w[29]=0.000000000000
w[30]=0.000000000000
w[31]=0.000000000000
w[32]=0.000000000000
w[33]=0.000000000000
w[34]=0.000000000000
w[35]=0.000000000000
w[36]=0.000000000000
w[37]=0.000000000000
w[38]=0.000000000000
w[39]=0.000000000000
w[40]=0.000000000000
w[41]=0.000000000000
w[42]=0.000000000000
w[43]=0.000000000000
w[44]=0.000000000000
w[45]=0.000000000000
w[46]=0.000000000000
w[47]=0.000000000000
w[48]=0.000000000000
w[49]=0.000000000000
w[50]=0.000000000000
w[51]=0.000000000000
w[52]=0.000000000000
w[53]=0.000000000000
w[54]=0.000000000000
w[55]=0.000000000000
w[56]=0.000000000000
w[57]=0.000000000000
w[58]=0.000000000000
w[59]=0.000000000000
w[60]=0.000000000000
w[61]=0.000000000000
w[62]=0.000000000000
w[63]=0.000000000000
w[64]=0.000000000000
w[65]=0.000000000000
w[66]=0.000000000000
w[67]=0.000000000000
w[68]=0.000000000000
w[69]=0.000000000000
w[70]=0.000000000000
w[71]=0.000000000000
w[72]=0.000000000000
w[73]=0.000000000000
w[74]=0.000000000000
w[75]=0.000000000000
w[76]=0.000000000000
w[77]=0.000000000000
w[78]=0.000000000000
w[79]=0.000000000000
w[80]=0.000000000000
w[81]=0.000000000000
w[82]=0.000000000000
w[83]=0.000000000000
w[84]=0.000000000000
w[85]=0.000000000000
w[86]=0.000000000000
w[87]=0.000000000000
w[88]=0.000000000000
w[89]=0.000000000000
w[90]=0.000000000000
w[91]=0.000000000000
w[92]=0.000000000000
w[93]=0.000000000000
w[94]=0.000000000000
w[95]=0.000000000000
w[96]=0.000000000000
w[97]=0.000000000000
w[98]=0.000000000000
w[99]=0.000000000000
w[100]=0.000000000000
w[101]=0.000000000000
w[102]=0.000000000000
w[103]=0.000000000000
w[104]=0.000000000000
w[105]=0.000000000000
w[106]=0.000000000000
w[107]=0.000000000000
w[108]=0.000000000000
w[109]=0.000000000000
w[110]=0.000000000000
w[111]=0.000000000000
w[112]=0.000000000000
w[113]=0.000000000000
w[114]=0.000000000000
w[115]=0.000000000000
w[116]=0.000000000000
w[117]=0.000000000000
w[118]=0.000000000000
w[119]=0.000000000000
w[120]=0.000000000000
w[121]=0.000000000000
w[122]=0.000000000000
w[123]=0.000000000000
w[124]=0.000000000000
w[125]=0.000000000000
w[126]=0.000000000000
w[127]=0.000000000000
w[128]=0.000000000000
w[129]=0.000000000000
w[130]=0.000000000000
w[131]=0.000000000000
w[132]=0.000000000000
w[133]=0.000000000000
w[134]=0.000000000000
w[135]=0.000000000000
w[136]=0.000000000000
w[137]=0.000000000000
w[138]=0.000000000000
w[139]=0.000000000000
w[140]=0.000000000000
w[0]=-0.040403878334
