beta[1]=0.458066 pm 0.111515 (rank=2), z-score=4.107675, p-value=0.000040, HR=2.499604 HR=[1.614451,3.870061] (95% CI)
beta[5]=0.652884 pm 0.123702 (rank=1), z-score=5.277863, p-value=0.000000, HR=3.690520 HR=[2.272441,5.993528] (95% CI)
beta[7]=-0.416160 pm 0.123119 (rank=4), z-score=3.380144, p-value=0.000724, HR=0.435038 HR=[0.268488,0.704904] (95% CI)
beta[36]=-0.217875 pm 0.122519 (rank=7), z-score=1.778298, p-value=0.075355, HR=0.646780 HR=[0.400107,1.045530] (95% CI)
beta[41]=0.274631 pm 0.112431 (rank=6), z-score=2.442660, p-value=0.014579, HR=1.731973 HR=[1.114640,2.691210] (95% CI)
beta[64]=-0.480250 pm 0.109034 (rank=3), z-score=4.404597, p-value=0.000011, HR=0.382702 HR=[0.249596,0.586791] (95% CI)
beta[68]=0.291044 pm 0.113123 (rank=5), z-score=2.572802, p-value=0.010088, HR=1.789771 HR=[1.148716,2.788575] (95% CI)
