beta[1]=0.458066(rank=2)
beta[5]=0.652884(rank=1)
beta[7]=-0.416160(rank=4)
beta[36]=-0.217875(rank=7)
beta[41]=0.274631(rank=6)
beta[64]=-0.480250(rank=3)
beta[68]=0.291044(rank=5)
