P=20
S=w[1]*cov[1]+...+w[P]*cov[P]-w[0]
w[1]=0.502523794445
w[2]=0.410858061036
w[3]=0.518099705271
w[4]=0.000000000000
w[5]=0.000000000000
w[6]=0.000000000000
w[7]=-0.582195359265
w[8]=-0.648116626043
w[9]=0.000000000000
w[10]=0.000000000000
w[11]=0.000000000000
w[12]=0.000000000000
w[13]=0.000000000000
w[14]=0.000000000000
w[15]=0.000000000000
w[16]=0.000000000000
w[17]=0.000000000000
w[18]=0.000000000000
w[19]=0.000000000000
w[20]=0.000000000000
w[0]=0.122146011431
