beta[2]=0.551511(rank=5)
beta[3]=1.003440(rank=1)
beta[4]=0.511843(rank=4)
beta[5]=0.368093(rank=7)
beta[6]=-0.806092(rank=2)
beta[8]=-0.888743(rank=3)
beta[13]=-0.387504(rank=8)
beta[73]=0.546987(rank=6)
