beta[2]=0.551511 pm 0.119296 (rank=5), z-score=4.623053, p-value=0.000004, HR=3.013256 HR=[1.887743,4.809825] (95% CI)
beta[3]=1.003440 pm 0.140981 (rank=1), z-score=7.117575, p-value=0.000000, HR=7.440072 HR=[4.281213,12.929669] (95% CI)
beta[4]=0.511843 pm 0.114957 (rank=4), z-score=4.452490, p-value=0.000008, HR=2.783434 HR=[1.773679,4.368043] (95% CI)
beta[5]=0.368093 pm 0.119260 (rank=7), z-score=3.086472, p-value=0.002025, HR=2.087957 HR=[1.308245,3.332378] (95% CI)
beta[6]=-0.806092 pm 0.126145 (rank=2), z-score=6.390228, p-value=0.000000, HR=0.199451 HR=[0.121642,0.327032] (95% CI)
beta[8]=-0.888743 pm 0.131288 (rank=3), z-score=6.769430, p-value=0.000000, HR=0.169063 HR=[0.101051,0.282850] (95% CI)
beta[13]=-0.387504 pm 0.109227 (rank=8), z-score=3.547705, p-value=0.000389, HR=0.460700 HR=[0.300239,0.706919] (95% CI)
beta[73]=0.546987 pm 0.123494 (rank=6), z-score=4.429259, p-value=0.000009, HR=2.986117 HR=[1.840206,4.845598] (95% CI)
