beta[1]=0.907115 pm 0.186510 (rank=1), z-score=4.863616, p-value=0.000001, HR=6.136350 HR=[2.953850,12.747700] (95% CI)
beta[2]=0.720449 pm 0.166177 (rank=4), z-score=4.335429, p-value=0.000015, HR=4.224487 HR=[2.202259,8.103629] (95% CI)
beta[6]=-0.534314 pm 0.158371 (rank=6), z-score=3.373812, p-value=0.000741, HR=0.343479 HR=[0.184622,0.639024] (95% CI)
beta[8]=-0.717631 pm 0.177401 (rank=5), z-score=4.045246, p-value=0.000052, HR=0.238053 HR=[0.118757,0.477185] (95% CI)
beta[9]=-0.889467 pm 0.198899 (rank=2), z-score=4.471944, p-value=0.000008, HR=0.168818 HR=[0.077411,0.368156] (95% CI)
beta[10]=-0.779803 pm 0.181025 (rank=3), z-score=4.307702, p-value=0.000016, HR=0.210219 HR=[0.103392,0.427421] (95% CI)
