active=100: F_T=0.982200, F_V=0.694800
active=99: F_T=0.981300, F_V=0.703300
active=98: F_T=0.980400, F_V=0.703400
active=97: F_T=0.980800, F_V=0.714500
