beta[19]=1.772402(rank=1)
beta[39]=-1.185379(rank=2)
