beta[2]=0.450456(rank=5)
beta[3]=1.205516(rank=1)
beta[7]=-0.900455(rank=2)
beta[10]=-0.699825(rank=6)
beta[66]=-0.398658(rank=7)
beta[67]=0.742771(rank=3)
beta[80]=-1.054651(rank=4)
