beta[2]=0.450456 pm 0.155167 (rank=5), z-score=2.903040, p-value=0.003696, HR=2.461848 HR=[1.339984,4.522963] (95% CI)
beta[3]=1.205516 pm 0.225888 (rank=1), z-score=5.336798, p-value=0.000000, HR=11.145468 HR=[4.597688,27.018245] (95% CI)
beta[7]=-0.900455 pm 0.193168 (rank=2), z-score=4.661502, p-value=0.000003, HR=0.165148 HR=[0.077449,0.352153] (95% CI)
beta[10]=-0.699825 pm 0.180429 (rank=6), z-score=3.878676, p-value=0.000105, HR=0.246683 HR=[0.121611,0.500389] (95% CI)
beta[66]=-0.398658 pm 0.168455 (rank=7), z-score=2.366557, p-value=0.017954, HR=0.450537 HR=[0.232781,0.871994] (95% CI)
beta[67]=0.742771 pm 0.181437 (rank=3), z-score=4.093829, p-value=0.000042, HR=4.417359 HR=[2.169095,8.995947] (95% CI)
beta[80]=-1.054651 pm 0.201552 (rank=4), z-score=5.232654, p-value=0.000000, HR=0.121323 HR=[0.055057,0.267344] (95% CI)
