beta[18]=0.360704 pm 0.093128 (rank=1), z-score=3.873211, p-value=0.000107, HR=2.057328 HR=[1.428103,2.963792] (95% CI)
beta[39]=0.234440 pm 0.108403 (rank=2), z-score=2.162672, p-value=0.030566, HR=1.598202 HR=[1.044920,2.444446] (95% CI)
