beta[3]=0.865970(rank=1)
beta[10]=-0.765810(rank=3)
beta[15]=-0.629788(rank=2)
