P=10
S=w[1]*cov[1]+...+w[P]*cov[P]-w[0]
w[1]=0.000000000000
w[2]=0.000000000000
w[3]=0.000000000000
w[4]=0.163709335540
w[5]=0.491328073808
w[6]=0.000000000000
w[7]=0.000000000000
w[8]=-0.659778317379
w[9]=0.000000000000
w[10]=0.000000000000
w[0]=0.044330129429
