P=20
S=w[1]*cov[1]+...+w[P]*cov[P]-w[0]
w[1]=0.638895979600
w[2]=0.000000000000
w[3]=0.000000000000
w[4]=0.000000000000
w[5]=0.000000000000
w[6]=-0.506823473071
w[7]=-0.715397238206
w[8]=0.000000000000
w[9]=0.000000000000
w[10]=0.000000000000
w[11]=0.000000000000
w[12]=0.000000000000
w[13]=0.000000000000
w[14]=0.000000000000
w[15]=0.000000000000
w[16]=0.481675241688
w[17]=0.000000000000
w[18]=0.000000000000
w[19]=0.000000000000
w[20]=0.000000000000
w[0]=0.191280865750
