P=10
S=w[1]*cov[1]+...+w[P]*cov[P]-w[0]
w[1]=0.000000000000
w[2]=0.544461343321
w[3]=0.000000000000
w[4]=0.000000000000
w[5]=0.000000000000
w[6]=0.000000000000
w[7]=-0.423497683238
w[8]=0.000000000000
w[9]=0.000000000000
w[10]=0.000000000000
w[0]=-0.061012298270
