active=30:
beta[1]=-0.177745 pm 0.193855, beta[2]=0.775352 pm 0.169967, beta[3]=0.779927 pm 0.212071, beta[4]=0.472427 pm 0.192830, beta[5]=0.775401 pm 0.158253, beta[6]=-0.548172 pm 0.217885, beta[7]=-0.485225 pm 0.188578, beta[8]=-0.292615 pm 0.171347, beta[9]=-0.561640 pm 0.163020, beta[10]=-0.705361 pm 0.185957, beta[11]=-0.188169 pm 0.219115, beta[12]=-0.139363 pm 0.293185, beta[13]=0.318058 pm 0.145911, beta[14]=0.116526 pm 0.213203, beta[15]=0.419174 pm 0.250277, beta[16]=0.140982 pm 0.169524, beta[17]=0.059093 pm 0.187959, beta[18]=-0.291229 pm 0.231999, beta[19]=-0.272625 pm 0.220906, beta[20]=-0.085534 pm 0.193249, beta[21]=-0.248049 pm 0.157453, beta[22]=0.584881 pm 0.198728, beta[23]=0.345747 pm 0.171556, beta[24]=0.087861 pm 0.251896, beta[25]=0.609886 pm 0.201310, beta[26]=0.025479 pm 0.267854, beta[27]=-0.017208 pm 0.253628, beta[28]=-0.203229 pm 0.273433, beta[29]=-0.156117 pm 0.160764, beta[30]=0.284016 pm 0.228312, 
active=29:
beta[1]=-0.259287 pm 0.196745, beta[2]=0.742354 pm 0.214377, beta[3]=0.786523 pm 0.166652, beta[4]=0.478928 pm 0.155669, beta[5]=0.753609 pm 0.207943, beta[6]=-0.533540 pm 0.157080, beta[7]=-0.477692 pm 0.164843, beta[8]=-0.266571 pm 0.160581, beta[9]=-0.576942 pm 0.141260, beta[10]=-0.708554 pm 0.153734, beta[11]=-0.174682 pm 0.223882, beta[12]=-0.166367 pm 0.218072, beta[13]=0.400049 pm 0.160876, beta[14]=0.194734 pm 0.204259, beta[15]=0.507086 pm 0.213270, beta[16]=0.062839 pm 0.164456, beta[17]=0.073512 pm 0.153895, beta[18]=-0.325243 pm 0.223652, beta[19]=-0.316370 pm 0.238066, beta[20]=-0.044331 pm 0.192400, beta[21]=-0.238387 pm 0.177922, beta[22]=0.562764 pm 0.195839, beta[23]=0.390029 pm 0.192644, beta[24]=0.043878 pm 0.228895, beta[25]=0.615799 pm 0.204564, beta[26]=0.045737 pm 0.254713, beta[27]=0.000000 pm 0.000000, beta[28]=-0.206239 pm 0.266395, beta[29]=-0.088365 pm 0.139729, beta[30]=0.356432 pm 0.246873, 
active=28:
beta[1]=-0.236130 pm 0.215201, beta[2]=0.798101 pm 0.180206, beta[3]=0.772678 pm 0.225619, beta[4]=0.521409 pm 0.151808, beta[5]=0.788579 pm 0.209577, beta[6]=-0.512157 pm 0.216589, beta[7]=-0.458568 pm 0.165462, beta[8]=-0.253005 pm 0.183367, beta[9]=-0.520252 pm 0.172295, beta[10]=-0.700914 pm 0.150014, beta[11]=-0.196158 pm 0.215144, beta[12]=-0.121621 pm 0.269326, beta[13]=0.400822 pm 0.162284, beta[14]=0.176634 pm 0.241365, beta[15]=0.501182 pm 0.220749, beta[16]=0.029605 pm 0.178660, beta[17]=0.039448 pm 0.151853, beta[18]=-0.282588 pm 0.205355, beta[19]=-0.260665 pm 0.241415, beta[20]=-0.052762 pm 0.197528, beta[21]=-0.225851 pm 0.167479, beta[22]=0.545324 pm 0.139572, beta[23]=0.347004 pm 0.125064, beta[24]=0.052296 pm 0.224666, beta[25]=0.585677 pm 0.214924, beta[26]=0.000000 pm 0.000000, beta[27]=0.000000 pm 0.000000, beta[28]=-0.218508 pm 0.229438, beta[29]=-0.102310 pm 0.165171, beta[30]=0.322236 pm 0.190507, 
active=27:
beta[1]=-0.214253 pm 0.162894, beta[2]=0.716236 pm 0.171311, beta[3]=0.818182 pm 0.185350, beta[4]=0.487335 pm 0.172313, beta[5]=0.808922 pm 0.171525, beta[6]=-0.460071 pm 0.196300, beta[7]=-0.477887 pm 0.191722, beta[8]=-0.281898 pm 0.210473, beta[9]=-0.594749 pm 0.191107, beta[10]=-0.680524 pm 0.144202, beta[11]=-0.198104 pm 0.188302, beta[12]=-0.109650 pm 0.233208, beta[13]=0.401590 pm 0.146253, beta[14]=0.132283 pm 0.213269, beta[15]=0.473520 pm 0.199991, beta[16]=0.000000 pm 0.000000, beta[17]=0.067326 pm 0.136667, beta[18]=-0.287146 pm 0.200657, beta[19]=-0.284728 pm 0.227422, beta[20]=-0.006415 pm 0.174851, beta[21]=-0.227776 pm 0.159460, beta[22]=0.596251 pm 0.146229, beta[23]=0.305544 pm 0.148455, beta[24]=0.027981 pm 0.230744, beta[25]=0.592474 pm 0.196507, beta[26]=0.000000 pm 0.000000, beta[27]=0.000000 pm 0.000000, beta[28]=-0.215306 pm 0.228755, beta[29]=-0.155720 pm 0.139613, beta[30]=0.294674 pm 0.198780, 
