beta[5]=0.616627 pm 0.143650 (rank=1), z-score=4.292578, p-value=0.000018, HR=3.432378 HR=[1.954525,6.027663] (95% CI)
beta[6]=-0.373331 pm 0.118296 (rank=4), z-score=3.155912, p-value=0.001600, HR=0.473946 HR=[0.298084,0.753563] (95% CI)
beta[7]=-0.426277 pm 0.125515 (rank=3), z-score=3.396236, p-value=0.000683, HR=0.426324 HR=[0.260651,0.697301] (95% CI)
beta[8]=-0.300845 pm 0.104131 (rank=6), z-score=2.889104, p-value=0.003863, HR=0.547885 HR=[0.364262,0.824073] (95% CI)
beta[9]=-0.327394 pm 0.125646 (rank=2), z-score=2.605691, p-value=0.009169, HR=0.519552 HR=[0.317487,0.850223] (95% CI)
beta[38]=0.257992 pm 0.114365 (rank=5), z-score=2.255872, p-value=0.024079, HR=1.675287 HR=[1.070017,2.622936] (95% CI)
