beta[1]=0.607835 pm 0.117994 (rank=4), z-score=5.151401, p-value=0.000000, HR=3.372550 HR=[2.123642,5.355937] (95% CI)
beta[2]=0.481216 pm 0.118316 (rank=5), z-score=4.067210, p-value=0.000048, HR=2.618055 HR=[1.646469,4.162976] (95% CI)
beta[3]=0.576496 pm 0.117005 (rank=2), z-score=4.927093, p-value=0.000001, HR=3.167655 HR=[2.002369,5.011083] (95% CI)
beta[4]=0.402222 pm 0.117472 (rank=6), z-score=3.423971, p-value=0.000617, HR=2.235452 HR=[1.410511,3.542861] (95% CI)
beta[7]=-0.531615 pm 0.129924 (rank=1), z-score=4.091739, p-value=0.000043, HR=0.345339 HR=[0.207519,0.574688] (95% CI)
beta[8]=-0.610324 pm 0.127335 (rank=3), z-score=4.793053, p-value=0.000002, HR=0.295039 HR=[0.179102,0.486025] (95% CI)
