beta[1]=0.607854 pm 0.117994 (rank=4), z-score=5.151547, p-value=0.000000, HR=3.372682 HR=[2.123721,5.356156] (95% CI)
beta[2]=0.481226 pm 0.118316 (rank=5), z-score=4.067299, p-value=0.000048, HR=2.618109 HR=[1.646503,4.163060] (95% CI)
beta[3]=0.576520 pm 0.117005 (rank=2), z-score=4.927292, p-value=0.000001, HR=3.167807 HR=[2.002464,5.011327] (95% CI)
beta[4]=0.402255 pm 0.117473 (rank=6), z-score=3.424240, p-value=0.000617, HR=2.235602 HR=[1.410603,3.543107] (95% CI)
beta[7]=-0.531587 pm 0.129924 (rank=1), z-score=4.091529, p-value=0.000043, HR=0.345358 HR=[0.207531,0.574720] (95% CI)
beta[8]=-0.610319 pm 0.127335 (rank=3), z-score=4.793000, p-value=0.000002, HR=0.295042 HR=[0.179103,0.486031] (95% CI)
