beta[1]=0.607835(rank=4)
beta[2]=0.481216(rank=5)
beta[3]=0.576496(rank=2)
beta[4]=0.402222(rank=6)
beta[7]=-0.531615(rank=1)
beta[8]=-0.610324(rank=3)
