P=20
S=w[1]*cov[1]+...+w[P]*cov[P]-w[0]
w[1]=0.588615694592
w[2]=0.559911362364
w[3]=0.396585397725
w[4]=0.391072809584
w[5]=0.477061678446
w[6]=0.000000000000
w[7]=0.000000000000
w[8]=-0.421230641662
w[9]=0.000000000000
w[10]=-0.381838504720
w[11]=0.000000000000
w[12]=0.000000000000
w[13]=0.000000000000
w[14]=0.000000000000
w[15]=0.000000000000
w[16]=0.000000000000
w[17]=0.000000000000
w[18]=0.000000000000
w[19]=0.000000000000
w[20]=0.000000000000
w[0]=0.140817656325
