beta[1]=0.607854(rank=4)
beta[2]=0.481226(rank=5)
beta[3]=0.576520(rank=2)
beta[4]=0.402255(rank=6)
beta[7]=-0.531587(rank=1)
beta[8]=-0.610319(rank=3)
