beta[2]=0.477388(rank=2)
beta[7]=-0.556641(rank=1)
beta[10]=-0.353286(rank=4)
beta[31]=0.517269(rank=5)
beta[38]=-0.606471(rank=3)
beta[90]=-0.534536(rank=6)
