beta[2]=0.510230 pm 0.121094 (rank=5), z-score=4.213504, p-value=0.000025, HR=2.774473 HR=[1.725940,4.460003] (95% CI)
beta[3]=0.810099 pm 0.124120 (rank=1), z-score=6.526722, p-value=0.000000, HR=5.054090 HR=[3.106964,8.221475] (95% CI)
beta[4]=0.572761 pm 0.122374 (rank=4), z-score=4.680414, p-value=0.000003, HR=3.144085 HR=[1.946079,5.079584] (95% CI)
beta[5]=0.282465 pm 0.128030 (rank=8), z-score=2.206237, p-value=0.027367, HR=1.759324 HR=[1.065082,2.906087] (95% CI)
beta[6]=-0.755114 pm 0.123312 (rank=2), z-score=6.123630, p-value=0.000000, HR=0.220860 HR=[0.136203,0.358134] (95% CI)
beta[8]=-0.908530 pm 0.125977 (rank=3), z-score=7.211859, p-value=0.000000, HR=0.162503 HR=[0.099173,0.266274] (95% CI)
beta[13]=-0.378124 pm 0.103267 (rank=7), z-score=3.661629, p-value=0.000251, HR=0.469424 HR=[0.313156,0.703672] (95% CI)
beta[27]=0.386253 pm 0.116925 (rank=6), z-score=3.303421, p-value=0.000955, HR=2.165185 HR=[1.369108,3.424147] (95% CI)
