beta[2]=0.510230(rank=5)
beta[3]=0.810099(rank=1)
beta[4]=0.572761(rank=4)
beta[5]=0.282465(rank=8)
beta[6]=-0.755114(rank=2)
beta[8]=-0.908530(rank=3)
beta[13]=-0.378124(rank=7)
beta[27]=0.386253(rank=6)
