P=10
S=w[1]*cov[1]+...+w[P]*cov[P]-w[0]
w[1]=0.000000000000
w[2]=0.515591848368
w[3]=0.424620902176
w[4]=0.513765475007
w[5]=0.745330417991
w[6]=0.000000000000
w[7]=0.000000000000
w[8]=-0.697518012301
w[9]=0.000000000000
w[10]=-0.497457978526
w[0]=-0.007438044537
