beta[19]=1.772402 pm 0.598474 (rank=1), z-score=2.961534, p-value=0.003061, HR=34.632921 HR=[3.316085,361.703380] (95% CI)
beta[39]=-1.185379 pm 0.508676 (rank=2), z-score=2.330323, p-value=0.019789, HR=0.093410 HR=[0.012718,0.686088] (95% CI)
