beta[13]=0.417919 pm 0.119430 (rank=3), z-score=3.499280, p-value=0.000467, HR=2.306746 HR=[1.444369,3.684015] (95% CI)
beta[15]=-0.587282 pm 0.142689 (rank=2), z-score=4.115809, p-value=0.000039, HR=0.308954 HR=[0.176593,0.540521] (95% CI)
beta[28]=0.480666 pm 0.120763 (rank=1), z-score=3.980261, p-value=0.000069, HR=2.615180 HR=[1.628963,4.198477] (95% CI)
beta[37]=-0.201744 pm 0.114356 (rank=7), z-score=1.764173, p-value=0.077703, HR=0.667985 HR=[0.426661,1.045806] (95% CI)
beta[43]=-0.463671 pm 0.120450 (rank=5), z-score=3.849483, p-value=0.000118, HR=0.395604 HR=[0.246719,0.634336] (95% CI)
beta[56]=-0.404114 pm 0.116595 (rank=6), z-score=3.465962, p-value=0.000528, HR=0.445647 HR=[0.282160,0.703860] (95% CI)
beta[60]=-0.343824 pm 0.116064 (rank=4), z-score=2.962375, p-value=0.003053, HR=0.502757 HR=[0.318983,0.792408] (95% CI)
