P=20
S=w[1]*cov[1]+...+w[P]*cov[P]-w[0]
w[1]=0.737202480312
w[2]=0.000000000000
w[3]=0.000000000000
w[4]=0.000000000000
w[5]=0.563743410768
w[6]=0.000000000000
w[7]=0.000000000000
w[8]=-0.773881633265
w[9]=0.000000000000
w[10]=-0.825279011352
w[11]=0.000000000000
w[12]=0.000000000000
w[13]=0.000000000000
w[14]=-0.551232886962
w[15]=0.000000000000
w[16]=0.000000000000
w[17]=0.000000000000
w[18]=0.000000000000
w[19]=0.000000000000
w[20]=0.000000000000
w[0]=0.114208873216
