beta[13]=0.307279 pm 0.119031 (rank=3), z-score=2.581495, p-value=0.009837, HR=1.848838 HR=[1.159460,2.948097] (95% CI)
beta[29]=0.320371 pm 0.112439 (rank=1), z-score=2.849292, p-value=0.004382, HR=1.897888 HR=[1.221381,2.949106] (95% CI)
beta[61]=-0.312349 pm 0.100822 (rank=2), z-score=3.098011, p-value=0.001948, HR=0.535424 HR=[0.360624,0.794952] (95% CI)
beta[74]=-0.287309 pm 0.099524 (rank=4), z-score=2.886815, p-value=0.003892, HR=0.562920 HR=[0.381077,0.831535] (95% CI)
